1222523079 2753022910 211968000 1 028bd002c89c9a909ccdbc2af0a223de285348edb014ccc8e27d297f52cb410f
1222859036 2751462612 211968000 2 028bd002c89c9a909ccdbc2af0a223de285348edb014ccc8e27d297f52cb410f
1218473921 2748327234 211968000 1 028bd002c89c9a909ccdbc2af0a223de285348edb014ccc8e27d297f52cb410f
1220542924 2748175444 211968000 1 028bd002c89c9a909ccdbc2af0a223de285348edb014ccc8e27d297f52cb410f
1224942250 2750406619 211968000 1 028bd002c89c9a909ccdbc2af0a223de285348edb014ccc8e27d297f52cb410f
1225166944 2753447173 211968000 2 028bd002c89c9a909ccdbc2af0a223de285348edb014ccc8e27d297f52cb410f
1218879127 2751519545 211968000 1 028bd002c89c9a909ccdbc2af0a223de285348edb014ccc8e27d297f52cb410f
1222329439 2751735133 211968000 2 028bd002c89c9a909ccdbc2af0a223de285348edb014ccc8e27d297f52cb410f
1220449030 2750658054 211968000 2 028bd002c89c9a909ccdbc2af0a223de285348edb014ccc8e27d297f52cb410f
1221026881 2749555969 211968000 1 028bd002c89c9a909ccdbc2af0a223de285348edb014ccc8e27d297f52cb410f
1222711590 2754631168 211968000 1 028bd002c89c9a909ccdbc2af0a223de285348edb014ccc8e27d297f52cb410f
1222420695 2752726975 211968000 1 028bd002c89c9a909ccdbc2af0a223de285348edb014ccc8e27d297f52cb410f
1226344955 2752253081 211968000 2 028bd002c89c9a909ccdbc2af0a223de285348edb014ccc8e27d297f52cb410f
