293918022 556524156 50915328 1 0dd50d07b0147211144cf696ed8c16418b8b34c0c064df82c7ac352cc640f509
299959039 558654412 50915328 1 0dd50d07b0147211144cf696ed8c16418b8b34c0c064df82c7ac352cc640f509
293394239 556138032 50915328 2 0dd50d07b0147211144cf696ed8c16418b8b34c0c064df82c7ac352cc640f509
291500378 555840535 50915328 2 0dd50d07b0147211144cf696ed8c16418b8b34c0c064df82c7ac352cc640f509
293196990 556526838 50915328 1 0dd50d07b0147211144cf696ed8c16418b8b34c0c064df82c7ac352cc640f509
293852384 556438746 50915328 1 0dd50d07b0147211144cf696ed8c16418b8b34c0c064df82c7ac352cc640f509
292727547 556311952 50915328 1 0dd50d07b0147211144cf696ed8c16418b8b34c0c064df82c7ac352cc640f509
292547560 556288630 50915328 1 0dd50d07b0147211144cf696ed8c16418b8b34c0c064df82c7ac352cc640f509
294190247 556480847 50915328 2 0dd50d07b0147211144cf696ed8c16418b8b34c0c064df82c7ac352cc640f509
293474588 558249584 50915328 1 0dd50d07b0147211144cf696ed8c16418b8b34c0c064df82c7ac352cc640f509
293248980 556762324 50915328 2 0dd50d07b0147211144cf696ed8c16418b8b34c0c064df82c7ac352cc640f509
293079115 556350973 50915328 1 0dd50d07b0147211144cf696ed8c16418b8b34c0c064df82c7ac352cc640f509
292828779 556251934 50915328 1 0dd50d07b0147211144cf696ed8c16418b8b34c0c064df82c7ac352cc640f509
292628574 556130852 50915328 2 0dd50d07b0147211144cf696ed8c16418b8b34c0c064df82c7ac352cc640f509
294076399 556634548 50915328 1 0dd50d07b0147211144cf696ed8c16418b8b34c0c064df82c7ac352cc640f509
