253760716 463458456 50915328 2 0dd50d07b0147211144cf696ed8c16418b8b34c0c064df82c7ac352cc640f509
252607617 463209632 50915328 1 0dd50d07b0147211144cf696ed8c16418b8b34c0c064df82c7ac352cc640f509
252298744 462966423 50915328 1 0dd50d07b0147211144cf696ed8c16418b8b34c0c064df82c7ac352cc640f509
250929281 463089509 50915328 3 0dd50d07b0147211144cf696ed8c16418b8b34c0c064df82c7ac352cc640f509
251699807 463248449 50915328 1 0dd50d07b0147211144cf696ed8c16418b8b34c0c064df82c7ac352cc640f509
252335338 464829546 50915328 1 0dd50d07b0147211144cf696ed8c16418b8b34c0c064df82c7ac352cc640f509
252349882 463551193 50915328 1 0dd50d07b0147211144cf696ed8c16418b8b34c0c064df82c7ac352cc640f509
252219158 463454943 50915328 1 0dd50d07b0147211144cf696ed8c16418b8b34c0c064df82c7ac352cc640f509
251678863 464156170 50915328 2 0dd50d07b0147211144cf696ed8c16418b8b34c0c064df82c7ac352cc640f509
252135639 462963575 50915328 1 0dd50d07b0147211144cf696ed8c16418b8b34c0c064df82c7ac352cc640f509
251892924 463555075 50915328 2 0dd50d07b0147211144cf696ed8c16418b8b34c0c064df82c7ac352cc640f509
252475010 463593560 50915328 1 0dd50d07b0147211144cf696ed8c16418b8b34c0c064df82c7ac352cc640f509
251770945 463230070 50915328 1 0dd50d07b0147211144cf696ed8c16418b8b34c0c064df82c7ac352cc640f509
251951743 463238534 50915328 1 0dd50d07b0147211144cf696ed8c16418b8b34c0c064df82c7ac352cc640f509
251967209 463502716 50915328 3 0dd50d07b0147211144cf696ed8c16418b8b34c0c064df82c7ac352cc640f509
