1405796643 3063778889 211968000 2 028bd002c89c9a909ccdbc2af0a223de285348edb014ccc8e27d297f52cb410f
1398677501 3064375247 211968000 1 028bd002c89c9a909ccdbc2af0a223de285348edb014ccc8e27d297f52cb410f
1403013629 3061904386 211968000 3 028bd002c89c9a909ccdbc2af0a223de285348edb014ccc8e27d297f52cb410f
1397355682 3063696125 211968000 1 028bd002c89c9a909ccdbc2af0a223de285348edb014ccc8e27d297f52cb410f
1404619767 3066412031 211968000 2 028bd002c89c9a909ccdbc2af0a223de285348edb014ccc8e27d297f52cb410f
1401058276 3066812605 211968000 1 028bd002c89c9a909ccdbc2af0a223de285348edb014ccc8e27d297f52cb410f
1418415703 3063825752 211968000 1 028bd002c89c9a909ccdbc2af0a223de285348edb014ccc8e27d297f52cb410f
1407600694 3067149121 211968000 1 028bd002c89c9a909ccdbc2af0a223de285348edb014ccc8e27d297f52cb410f
1405267174 3064946568 211968000 1 028bd002c89c9a909ccdbc2af0a223de285348edb014ccc8e27d297f52cb410f
1406693648 3068232847 211968000 2 028bd002c89c9a909ccdbc2af0a223de285348edb014ccc8e27d297f52cb410f
1407672230 3066417068 211968000 1 028bd002c89c9a909ccdbc2af0a223de285348edb014ccc8e27d297f52cb410f
1408014243 3069481441 211968000 1 028bd002c89c9a909ccdbc2af0a223de285348edb014ccc8e27d297f52cb410f
1405970944 3067395035 211968000 1 028bd002c89c9a909ccdbc2af0a223de285348edb014ccc8e27d297f52cb410f
