2089213693 4901203967 211968000 2 028bd002c89c9a909ccdbc2af0a223de285348edb014ccc8e27d297f52cb410f
2103368632 4912812266 211968000 1 028bd002c89c9a909ccdbc2af0a223de285348edb014ccc8e27d297f52cb410f
2098375245 4910948580 211968000 1 028bd002c89c9a909ccdbc2af0a223de285348edb014ccc8e27d297f52cb410f
2107314926 4917412340 211968000 2 028bd002c89c9a909ccdbc2af0a223de285348edb014ccc8e27d297f52cb410f
2103034621 4913716361 211968000 2 028bd002c89c9a909ccdbc2af0a223de285348edb014ccc8e27d297f52cb410f
2093778864 4903575239 211968000 2 028bd002c89c9a909ccdbc2af0a223de285348edb014ccc8e27d297f52cb410f
2118146066 4920132069 211968000 2 028bd002c89c9a909ccdbc2af0a223de285348edb014ccc8e27d297f52cb410f
2105308217 4916491739 211968000 1 028bd002c89c9a909ccdbc2af0a223de285348edb014ccc8e27d297f52cb410f
2091891420 4906973488 211968000 1 028bd002c89c9a909ccdbc2af0a223de285348edb014ccc8e27d297f52cb410f
2093130492 4904825146 211968000 1 028bd002c89c9a909ccdbc2af0a223de285348edb014ccc8e27d297f52cb410f
2105270521 4912065179 211968000 2 028bd002c89c9a909ccdbc2af0a223de285348edb014ccc8e27d297f52cb410f
2100063241 4904359771 211968000 1 028bd002c89c9a909ccdbc2af0a223de285348edb014ccc8e27d297f52cb410f
2093902081 4905098702 211968000 1 028bd002c89c9a909ccdbc2af0a223de285348edb014ccc8e27d297f52cb410f
