2656825968 6868942002 211968000 2 028bd002c89c9a909ccdbc2af0a223de285348edb014ccc8e27d297f52cb410f
2663591407 6879006058 211968000 1 028bd002c89c9a909ccdbc2af0a223de285348edb014ccc8e27d297f52cb410f
2668595909 6878122616 211968000 2 028bd002c89c9a909ccdbc2af0a223de285348edb014ccc8e27d297f52cb410f
2660611261 6882244760 211968000 1 028bd002c89c9a909ccdbc2af0a223de285348edb014ccc8e27d297f52cb410f
2674474831 6884182357 211968000 2 028bd002c89c9a909ccdbc2af0a223de285348edb014ccc8e27d297f52cb410f
2672995006 6884784009 211968000 1 028bd002c89c9a909ccdbc2af0a223de285348edb014ccc8e27d297f52cb410f
2665662079 6873151974 211968000 3 028bd002c89c9a909ccdbc2af0a223de285348edb014ccc8e27d297f52cb410f
2657814530 6877651184 211968000 1 028bd002c89c9a909ccdbc2af0a223de285348edb014ccc8e27d297f52cb410f
2661469027 6879507913 211968000 1 028bd002c89c9a909ccdbc2af0a223de285348edb014ccc8e27d297f52cb410f
2682168973 6884316490 211968000 1 028bd002c89c9a909ccdbc2af0a223de285348edb014ccc8e27d297f52cb410f
2660902662 6875255838 211968000 1 028bd002c89c9a909ccdbc2af0a223de285348edb014ccc8e27d297f52cb410f
2662724173 6884936383 211968000 1 028bd002c89c9a909ccdbc2af0a223de285348edb014ccc8e27d297f52cb410f
2672702596 6890314591 211968000 1 028bd002c89c9a909ccdbc2af0a223de285348edb014ccc8e27d297f52cb410f
