703207834 1224397419 205242368 1 96551161b5bdcaacbc3c17fa108191c478fb35dfe87895c16e34a8f6552bf29a
706086694 1225853261 205242368 2 96551161b5bdcaacbc3c17fa108191c478fb35dfe87895c16e34a8f6552bf29a
701766826 1225415778 205242368 1 96551161b5bdcaacbc3c17fa108191c478fb35dfe87895c16e34a8f6552bf29a
697567280 1213976227 205242368 1 96551161b5bdcaacbc3c17fa108191c478fb35dfe87895c16e34a8f6552bf29a
700704274 1223563076 205242368 1 96551161b5bdcaacbc3c17fa108191c478fb35dfe87895c16e34a8f6552bf29a
699344116 1218365599 205242368 1 96551161b5bdcaacbc3c17fa108191c478fb35dfe87895c16e34a8f6552bf29a
698086538 1211600953 205242368 1 96551161b5bdcaacbc3c17fa108191c478fb35dfe87895c16e34a8f6552bf29a
701436339 1218328157 205242368 1 96551161b5bdcaacbc3c17fa108191c478fb35dfe87895c16e34a8f6552bf29a
697105709 1209724376 205242368 1 96551161b5bdcaacbc3c17fa108191c478fb35dfe87895c16e34a8f6552bf29a
695117291 1206520916 205242368 1 96551161b5bdcaacbc3c17fa108191c478fb35dfe87895c16e34a8f6552bf29a
698503909 1209098052 205242368 1 96551161b5bdcaacbc3c17fa108191c478fb35dfe87895c16e34a8f6552bf29a
699947451 1212947041 205242368 2 96551161b5bdcaacbc3c17fa108191c478fb35dfe87895c16e34a8f6552bf29a
700655563 1213381801 205242368 1 96551161b5bdcaacbc3c17fa108191c478fb35dfe87895c16e34a8f6552bf29a
