843287990 1395137089 205242368 4 96551161b5bdcaacbc3c17fa108191c478fb35dfe87895c16e34a8f6552bf29a
844871463 1395848606 205242368 1 96551161b5bdcaacbc3c17fa108191c478fb35dfe87895c16e34a8f6552bf29a
840506145 1394054084 205242368 3 96551161b5bdcaacbc3c17fa108191c478fb35dfe87895c16e34a8f6552bf29a
847088894 1394579111 205242368 2 96551161b5bdcaacbc3c17fa108191c478fb35dfe87895c16e34a8f6552bf29a
839467247 1395312623 205242368 2 96551161b5bdcaacbc3c17fa108191c478fb35dfe87895c16e34a8f6552bf29a
842427966 1397577290 205242368 1 96551161b5bdcaacbc3c17fa108191c478fb35dfe87895c16e34a8f6552bf29a
839442367 1396648734 205242368 2 96551161b5bdcaacbc3c17fa108191c478fb35dfe87895c16e34a8f6552bf29a
843221039 1394876904 205242368 1 96551161b5bdcaacbc3c17fa108191c478fb35dfe87895c16e34a8f6552bf29a
842711460 1394357655 205242368 2 96551161b5bdcaacbc3c17fa108191c478fb35dfe87895c16e34a8f6552bf29a
839725209 1381464329 205242368 1 96551161b5bdcaacbc3c17fa108191c478fb35dfe87895c16e34a8f6552bf29a
840066814 1390814737 205242368 2 96551161b5bdcaacbc3c17fa108191c478fb35dfe87895c16e34a8f6552bf29a
839589666 1385341034 205242368 1 96551161b5bdcaacbc3c17fa108191c478fb35dfe87895c16e34a8f6552bf29a
848830306 1397568748 205242368 1 96551161b5bdcaacbc3c17fa108191c478fb35dfe87895c16e34a8f6552bf29a
