835987300 1409149583 205242368 1 96551161b5bdcaacbc3c17fa108191c478fb35dfe87895c16e34a8f6552bf29a
834479834 1412478649 205242368 2 96551161b5bdcaacbc3c17fa108191c478fb35dfe87895c16e34a8f6552bf29a
838467685 1402511062 205242368 2 96551161b5bdcaacbc3c17fa108191c478fb35dfe87895c16e34a8f6552bf29a
831498209 1406560034 205242368 1 96551161b5bdcaacbc3c17fa108191c478fb35dfe87895c16e34a8f6552bf29a
833773408 1409968073 205242368 3 96551161b5bdcaacbc3c17fa108191c478fb35dfe87895c16e34a8f6552bf29a
831424438 1410612111 205242368 1 96551161b5bdcaacbc3c17fa108191c478fb35dfe87895c16e34a8f6552bf29a
834310355 1405731723 205242368 1 96551161b5bdcaacbc3c17fa108191c478fb35dfe87895c16e34a8f6552bf29a
834376632 1403914207 205242368 1 96551161b5bdcaacbc3c17fa108191c478fb35dfe87895c16e34a8f6552bf29a
833284518 1403148133 205242368 1 96551161b5bdcaacbc3c17fa108191c478fb35dfe87895c16e34a8f6552bf29a
830085407 1396581939 205242368 2 96551161b5bdcaacbc3c17fa108191c478fb35dfe87895c16e34a8f6552bf29a
833604123 1403864862 205242368 1 96551161b5bdcaacbc3c17fa108191c478fb35dfe87895c16e34a8f6552bf29a
833514728 1400455434 205242368 1 96551161b5bdcaacbc3c17fa108191c478fb35dfe87895c16e34a8f6552bf29a
837093821 1405511455 205242368 1 96551161b5bdcaacbc3c17fa108191c478fb35dfe87895c16e34a8f6552bf29a
