290100134 559550239 50915328 1 0dd50d07b0147211144cf696ed8c16418b8b34c0c064df82c7ac352cc640f509
294150605 559238378 50915328 1 0dd50d07b0147211144cf696ed8c16418b8b34c0c064df82c7ac352cc640f509
290277870 559368969 50915328 1 0dd50d07b0147211144cf696ed8c16418b8b34c0c064df82c7ac352cc640f509
292849888 561795450 50915328 2 0dd50d07b0147211144cf696ed8c16418b8b34c0c064df82c7ac352cc640f509
294515013 562501180 50915328 1 0dd50d07b0147211144cf696ed8c16418b8b34c0c064df82c7ac352cc640f509
292138783 560284690 50915328 1 0dd50d07b0147211144cf696ed8c16418b8b34c0c064df82c7ac352cc640f509
291047695 560921858 50915328 2 0dd50d07b0147211144cf696ed8c16418b8b34c0c064df82c7ac352cc640f509
294752668 561066180 50915328 6 0dd50d07b0147211144cf696ed8c16418b8b34c0c064df82c7ac352cc640f509
293153518 560649436 50915328 1 0dd50d07b0147211144cf696ed8c16418b8b34c0c064df82c7ac352cc640f509
294158512 563492395 50915328 2 0dd50d07b0147211144cf696ed8c16418b8b34c0c064df82c7ac352cc640f509
295244360 561410083 50915328 1 0dd50d07b0147211144cf696ed8c16418b8b34c0c064df82c7ac352cc640f509
294291603 561423235 50915328 1 0dd50d07b0147211144cf696ed8c16418b8b34c0c064df82c7ac352cc640f509
295923451 560926540 50915328 1 0dd50d07b0147211144cf696ed8c16418b8b34c0c064df82c7ac352cc640f509
