251895571 468045681 50915328 2 0dd50d07b0147211144cf696ed8c16418b8b34c0c064df82c7ac352cc640f509
250988089 467376500 50915328 2 0dd50d07b0147211144cf696ed8c16418b8b34c0c064df82c7ac352cc640f509
251470403 467540904 50915328 3 0dd50d07b0147211144cf696ed8c16418b8b34c0c064df82c7ac352cc640f509
249545396 465616864 50915328 2 0dd50d07b0147211144cf696ed8c16418b8b34c0c064df82c7ac352cc640f509
251529327 467754628 50915328 1 0dd50d07b0147211144cf696ed8c16418b8b34c0c064df82c7ac352cc640f509
252548198 467753340 50915328 1 0dd50d07b0147211144cf696ed8c16418b8b34c0c064df82c7ac352cc640f509
254022559 469168613 50915328 1 0dd50d07b0147211144cf696ed8c16418b8b34c0c064df82c7ac352cc640f509
252793174 468145383 50915328 2 0dd50d07b0147211144cf696ed8c16418b8b34c0c064df82c7ac352cc640f509
250530571 466131626 50915328 2 0dd50d07b0147211144cf696ed8c16418b8b34c0c064df82c7ac352cc640f509
251273714 466315969 50915328 2 0dd50d07b0147211144cf696ed8c16418b8b34c0c064df82c7ac352cc640f509
252239034 466396002 50915328 1 0dd50d07b0147211144cf696ed8c16418b8b34c0c064df82c7ac352cc640f509
252392997 468997025 50915328 2 0dd50d07b0147211144cf696ed8c16418b8b34c0c064df82c7ac352cc640f509
254574731 466860088 50915328 1 0dd50d07b0147211144cf696ed8c16418b8b34c0c064df82c7ac352cc640f509
