286612115 553998026 50915328 1 0dd50d07b0147211144cf696ed8c16418b8b34c0c064df82c7ac352cc640f509
290334603 554582808 50915328 2 0dd50d07b0147211144cf696ed8c16418b8b34c0c064df82c7ac352cc640f509
288764097 553154575 50915328 1 0dd50d07b0147211144cf696ed8c16418b8b34c0c064df82c7ac352cc640f509
287292372 554923371 50915328 1 0dd50d07b0147211144cf696ed8c16418b8b34c0c064df82c7ac352cc640f509
286153509 552603159 50915328 3 0dd50d07b0147211144cf696ed8c16418b8b34c0c064df82c7ac352cc640f509
288354448 554091910 50915328 4 0dd50d07b0147211144cf696ed8c16418b8b34c0c064df82c7ac352cc640f509
288014887 555520755 50915328 1 0dd50d07b0147211144cf696ed8c16418b8b34c0c064df82c7ac352cc640f509
290463430 556031809 50915328 1 0dd50d07b0147211144cf696ed8c16418b8b34c0c064df82c7ac352cc640f509
291987327 555760638 50915328 2 0dd50d07b0147211144cf696ed8c16418b8b34c0c064df82c7ac352cc640f509
314143906 555558192 50915328 3 0dd50d07b0147211144cf696ed8c16418b8b34c0c064df82c7ac352cc640f509
292478724 555619273 50915328 1 0dd50d07b0147211144cf696ed8c16418b8b34c0c064df82c7ac352cc640f509
289233559 555154234 50915328 1 0dd50d07b0147211144cf696ed8c16418b8b34c0c064df82c7ac352cc640f509
290282978 554593548 50915328 1 0dd50d07b0147211144cf696ed8c16418b8b34c0c064df82c7ac352cc640f509
