1420250570 3005529361 211968000 1 028bd002c89c9a909ccdbc2af0a223de285348edb014ccc8e27d297f52cb410f
1422826486 3008392657 211968000 2 028bd002c89c9a909ccdbc2af0a223de285348edb014ccc8e27d297f52cb410f
1423783043 3005545610 211968000 2 028bd002c89c9a909ccdbc2af0a223de285348edb014ccc8e27d297f52cb410f
1425610148 3008301852 211968000 1 028bd002c89c9a909ccdbc2af0a223de285348edb014ccc8e27d297f52cb410f
1425325708 3008142979 211968000 1 028bd002c89c9a909ccdbc2af0a223de285348edb014ccc8e27d297f52cb410f
1420806254 2998765629 211968000 1 028bd002c89c9a909ccdbc2af0a223de285348edb014ccc8e27d297f52cb410f
1422084510 3002369554 211968000 1 028bd002c89c9a909ccdbc2af0a223de285348edb014ccc8e27d297f52cb410f
1423396371 3002001850 211968000 1 028bd002c89c9a909ccdbc2af0a223de285348edb014ccc8e27d297f52cb410f
1424113076 3002622880 211968000 2 028bd002c89c9a909ccdbc2af0a223de285348edb014ccc8e27d297f52cb410f
1423103382 3002598706 211968000 1 028bd002c89c9a909ccdbc2af0a223de285348edb014ccc8e27d297f52cb410f
1422481353 3004300213 211968000 1 028bd002c89c9a909ccdbc2af0a223de285348edb014ccc8e27d297f52cb410f
1423015213 3005422203 211968000 1 028bd002c89c9a909ccdbc2af0a223de285348edb014ccc8e27d297f52cb410f
1424547913 3005288349 211968000 2 028bd002c89c9a909ccdbc2af0a223de285348edb014ccc8e27d297f52cb410f
