1227572265 2745790165 211968000 1 028bd002c89c9a909ccdbc2af0a223de285348edb014ccc8e27d297f52cb410f
1223254693 2748494400 211968000 3 028bd002c89c9a909ccdbc2af0a223de285348edb014ccc8e27d297f52cb410f
1224732959 2748867770 211968000 1 028bd002c89c9a909ccdbc2af0a223de285348edb014ccc8e27d297f52cb410f
1224573997 2748307963 211968000 2 028bd002c89c9a909ccdbc2af0a223de285348edb014ccc8e27d297f52cb410f
1228276198 2748568828 211968000 4 028bd002c89c9a909ccdbc2af0a223de285348edb014ccc8e27d297f52cb410f
1222349796 2745458774 211968000 2 028bd002c89c9a909ccdbc2af0a223de285348edb014ccc8e27d297f52cb410f
1227681810 2746138415 211968000 1 028bd002c89c9a909ccdbc2af0a223de285348edb014ccc8e27d297f52cb410f
1225473547 2745477068 211968000 1 028bd002c89c9a909ccdbc2af0a223de285348edb014ccc8e27d297f52cb410f
1229034244 2745505640 211968000 4 028bd002c89c9a909ccdbc2af0a223de285348edb014ccc8e27d297f52cb410f
1225065259 2744875773 211968000 1 028bd002c89c9a909ccdbc2af0a223de285348edb014ccc8e27d297f52cb410f
1221462276 2745097095 211968000 1 028bd002c89c9a909ccdbc2af0a223de285348edb014ccc8e27d297f52cb410f
1226549182 2748231780 211968000 2 028bd002c89c9a909ccdbc2af0a223de285348edb014ccc8e27d297f52cb410f
1222934769 2748185982 211968000 2 028bd002c89c9a909ccdbc2af0a223de285348edb014ccc8e27d297f52cb410f
