2777365695 5730972016 400391411 1 4ee30c1571688ca4fa34b2c78865fe8c9faef1f67ed82a2ee0e8abf470a3d498
2776995492 5734271920 400391411 1 4ee30c1571688ca4fa34b2c78865fe8c9faef1f67ed82a2ee0e8abf470a3d498
2781091128 5733491763 400391411 1 4ee30c1571688ca4fa34b2c78865fe8c9faef1f67ed82a2ee0e8abf470a3d498
2774039352 5732641664 400391411 2 4ee30c1571688ca4fa34b2c78865fe8c9faef1f67ed82a2ee0e8abf470a3d498
2781712918 5729335087 400391411 1 4ee30c1571688ca4fa34b2c78865fe8c9faef1f67ed82a2ee0e8abf470a3d498
2781449322 5730112898 400391411 1 4ee30c1571688ca4fa34b2c78865fe8c9faef1f67ed82a2ee0e8abf470a3d498
2781062676 5728204206 400391411 1 4ee30c1571688ca4fa34b2c78865fe8c9faef1f67ed82a2ee0e8abf470a3d498
2780840302 5728765193 400391411 2 4ee30c1571688ca4fa34b2c78865fe8c9faef1f67ed82a2ee0e8abf470a3d498
2774866074 5732379995 400391411 1 4ee30c1571688ca4fa34b2c78865fe8c9faef1f67ed82a2ee0e8abf470a3d498
2873341570 5733264423 400391411 2 4ee30c1571688ca4fa34b2c78865fe8c9faef1f67ed82a2ee0e8abf470a3d498
2775541830 5734470873 400391411 2 4ee30c1571688ca4fa34b2c78865fe8c9faef1f67ed82a2ee0e8abf470a3d498
2776958680 5732869174 400391411 1 4ee30c1571688ca4fa34b2c78865fe8c9faef1f67ed82a2ee0e8abf470a3d498
2771095424 5732002204 400391411 1 4ee30c1571688ca4fa34b2c78865fe8c9faef1f67ed82a2ee0e8abf470a3d498
