2777348714 5734489014 400391411 1 4ee30c1571688ca4fa34b2c78865fe8c9faef1f67ed82a2ee0e8abf470a3d498
2781654190 5735435801 400391411 1 4ee30c1571688ca4fa34b2c78865fe8c9faef1f67ed82a2ee0e8abf470a3d498
2783556441 5736302383 400391411 1 4ee30c1571688ca4fa34b2c78865fe8c9faef1f67ed82a2ee0e8abf470a3d498
2776627235 5731341753 400391411 1 4ee30c1571688ca4fa34b2c78865fe8c9faef1f67ed82a2ee0e8abf470a3d498
2776060173 5731226746 400391411 1 4ee30c1571688ca4fa34b2c78865fe8c9faef1f67ed82a2ee0e8abf470a3d498
2786705829 5733916195 400391411 2 4ee30c1571688ca4fa34b2c78865fe8c9faef1f67ed82a2ee0e8abf470a3d498
2779077639 5730810938 400391411 1 4ee30c1571688ca4fa34b2c78865fe8c9faef1f67ed82a2ee0e8abf470a3d498
2781066183 5731033450 400391411 1 4ee30c1571688ca4fa34b2c78865fe8c9faef1f67ed82a2ee0e8abf470a3d498
2781343152 5737558925 400391411 1 4ee30c1571688ca4fa34b2c78865fe8c9faef1f67ed82a2ee0e8abf470a3d498
2778622374 5736646146 400391411 3 4ee30c1571688ca4fa34b2c78865fe8c9faef1f67ed82a2ee0e8abf470a3d498
2780605602 5735327541 400391411 1 4ee30c1571688ca4fa34b2c78865fe8c9faef1f67ed82a2ee0e8abf470a3d498
2779704686 5735440576 400391411 2 4ee30c1571688ca4fa34b2c78865fe8c9faef1f67ed82a2ee0e8abf470a3d498
2776515806 5734861845 400391411 1 4ee30c1571688ca4fa34b2c78865fe8c9faef1f67ed82a2ee0e8abf470a3d498
