2416886608 6052678163 400391411 1 4ee30c1571688ca4fa34b2c78865fe8c9faef1f67ed82a2ee0e8abf470a3d498
2410083901 6055728334 400391411 1 4ee30c1571688ca4fa34b2c78865fe8c9faef1f67ed82a2ee0e8abf470a3d498
2406152687 6054264649 400391411 1 4ee30c1571688ca4fa34b2c78865fe8c9faef1f67ed82a2ee0e8abf470a3d498
2406468657 6054084989 400391411 1 4ee30c1571688ca4fa34b2c78865fe8c9faef1f67ed82a2ee0e8abf470a3d498
2407018527 6051081246 400391411 2 4ee30c1571688ca4fa34b2c78865fe8c9faef1f67ed82a2ee0e8abf470a3d498
2416131534 6051040138 400391411 1 4ee30c1571688ca4fa34b2c78865fe8c9faef1f67ed82a2ee0e8abf470a3d498
2418039279 6051522844 400391411 1 4ee30c1571688ca4fa34b2c78865fe8c9faef1f67ed82a2ee0e8abf470a3d498
2406397854 6050642577 400391411 1 4ee30c1571688ca4fa34b2c78865fe8c9faef1f67ed82a2ee0e8abf470a3d498
2411747997 6054731217 400391411 1 4ee30c1571688ca4fa34b2c78865fe8c9faef1f67ed82a2ee0e8abf470a3d498
2405960627 6054842057 400391411 2 4ee30c1571688ca4fa34b2c78865fe8c9faef1f67ed82a2ee0e8abf470a3d498
2404569374 6057644239 400391411 3 4ee30c1571688ca4fa34b2c78865fe8c9faef1f67ed82a2ee0e8abf470a3d498
2414901431 6054345464 400391411 4 4ee30c1571688ca4fa34b2c78865fe8c9faef1f67ed82a2ee0e8abf470a3d498
2403157438 6054369660 400391411 1 4ee30c1571688ca4fa34b2c78865fe8c9faef1f67ed82a2ee0e8abf470a3d498
