2604853251 5726943597 400391411 1 4ee30c1571688ca4fa34b2c78865fe8c9faef1f67ed82a2ee0e8abf470a3d498
2607000853 5728420348 400391411 2 4ee30c1571688ca4fa34b2c78865fe8c9faef1f67ed82a2ee0e8abf470a3d498
2605975777 5729144183 400391411 1 4ee30c1571688ca4fa34b2c78865fe8c9faef1f67ed82a2ee0e8abf470a3d498
2607359164 5728514639 400391411 2 4ee30c1571688ca4fa34b2c78865fe8c9faef1f67ed82a2ee0e8abf470a3d498
2604188826 5724779005 400391411 1 4ee30c1571688ca4fa34b2c78865fe8c9faef1f67ed82a2ee0e8abf470a3d498
2608608771 5726442345 400391411 1 4ee30c1571688ca4fa34b2c78865fe8c9faef1f67ed82a2ee0e8abf470a3d498
2615542045 5726095328 400391411 1 4ee30c1571688ca4fa34b2c78865fe8c9faef1f67ed82a2ee0e8abf470a3d498
2601746857 5726424718 400391411 2 4ee30c1571688ca4fa34b2c78865fe8c9faef1f67ed82a2ee0e8abf470a3d498
2606738584 5728638214 400391411 1 4ee30c1571688ca4fa34b2c78865fe8c9faef1f67ed82a2ee0e8abf470a3d498
2609736426 5731104558 400391411 2 4ee30c1571688ca4fa34b2c78865fe8c9faef1f67ed82a2ee0e8abf470a3d498
2604527486 5728534959 400391411 2 4ee30c1571688ca4fa34b2c78865fe8c9faef1f67ed82a2ee0e8abf470a3d498
2614607700 5731141619 400391411 1 4ee30c1571688ca4fa34b2c78865fe8c9faef1f67ed82a2ee0e8abf470a3d498
2606467990 5731003690 400391411 2 4ee30c1571688ca4fa34b2c78865fe8c9faef1f67ed82a2ee0e8abf470a3d498
