2607433874 5730869189 400391411 2 4ee30c1571688ca4fa34b2c78865fe8c9faef1f67ed82a2ee0e8abf470a3d498
2607815396 5728766848 400391411 1 4ee30c1571688ca4fa34b2c78865fe8c9faef1f67ed82a2ee0e8abf470a3d498
2601765200 5728290678 400391411 1 4ee30c1571688ca4fa34b2c78865fe8c9faef1f67ed82a2ee0e8abf470a3d498
2605735700 5725155408 400391411 1 4ee30c1571688ca4fa34b2c78865fe8c9faef1f67ed82a2ee0e8abf470a3d498
2605793035 5725058959 400391411 2 4ee30c1571688ca4fa34b2c78865fe8c9faef1f67ed82a2ee0e8abf470a3d498
2606888828 5724700188 400391411 1 4ee30c1571688ca4fa34b2c78865fe8c9faef1f67ed82a2ee0e8abf470a3d498
2607969462 5725467929 400391411 2 4ee30c1571688ca4fa34b2c78865fe8c9faef1f67ed82a2ee0e8abf470a3d498
2608050363 5728341783 400391411 3 4ee30c1571688ca4fa34b2c78865fe8c9faef1f67ed82a2ee0e8abf470a3d498
2608293610 5731418148 400391411 1 4ee30c1571688ca4fa34b2c78865fe8c9faef1f67ed82a2ee0e8abf470a3d498
2608093517 5729088923 400391411 1 4ee30c1571688ca4fa34b2c78865fe8c9faef1f67ed82a2ee0e8abf470a3d498
2606815139 5728703529 400391411 2 4ee30c1571688ca4fa34b2c78865fe8c9faef1f67ed82a2ee0e8abf470a3d498
2604297127 5728114214 400391411 1 4ee30c1571688ca4fa34b2c78865fe8c9faef1f67ed82a2ee0e8abf470a3d498
2609284826 5730861644 400391411 1 4ee30c1571688ca4fa34b2c78865fe8c9faef1f67ed82a2ee0e8abf470a3d498
