840755397 1401054690 205242368 1 96551161b5bdcaacbc3c17fa108191c478fb35dfe87895c16e34a8f6552bf29a
837907077 1405406495 205242368 1 96551161b5bdcaacbc3c17fa108191c478fb35dfe87895c16e34a8f6552bf29a
837987458 1402543631 205242368 1 96551161b5bdcaacbc3c17fa108191c478fb35dfe87895c16e34a8f6552bf29a
838461397 1403826044 205242368 1 96551161b5bdcaacbc3c17fa108191c478fb35dfe87895c16e34a8f6552bf29a
842096252 1402016641 205242368 1 96551161b5bdcaacbc3c17fa108191c478fb35dfe87895c16e34a8f6552bf29a
840705932 1400477421 205242368 2 96551161b5bdcaacbc3c17fa108191c478fb35dfe87895c16e34a8f6552bf29a
848883969 1399887959 205242368 2 96551161b5bdcaacbc3c17fa108191c478fb35dfe87895c16e34a8f6552bf29a
836368521 1396705004 205242368 1 96551161b5bdcaacbc3c17fa108191c478fb35dfe87895c16e34a8f6552bf29a
841249006 1401210382 205242368 2 96551161b5bdcaacbc3c17fa108191c478fb35dfe87895c16e34a8f6552bf29a
840045210 1399210360 205242368 1 96551161b5bdcaacbc3c17fa108191c478fb35dfe87895c16e34a8f6552bf29a
841912161 1397301365 205242368 3 96551161b5bdcaacbc3c17fa108191c478fb35dfe87895c16e34a8f6552bf29a
838505297 1397398485 205242368 1 96551161b5bdcaacbc3c17fa108191c478fb35dfe87895c16e34a8f6552bf29a
835564363 1399584102 205242368 2 96551161b5bdcaacbc3c17fa108191c478fb35dfe87895c16e34a8f6552bf29a
