830961535 1408277910 205242368 1 96551161b5bdcaacbc3c17fa108191c478fb35dfe87895c16e34a8f6552bf29a
830322646 1414466097 205242368 1 96551161b5bdcaacbc3c17fa108191c478fb35dfe87895c16e34a8f6552bf29a
830454909 1415371869 205242368 2 96551161b5bdcaacbc3c17fa108191c478fb35dfe87895c16e34a8f6552bf29a
829575128 1413808941 205242368 1 96551161b5bdcaacbc3c17fa108191c478fb35dfe87895c16e34a8f6552bf29a
833723723 1414250420 205242368 1 96551161b5bdcaacbc3c17fa108191c478fb35dfe87895c16e34a8f6552bf29a
827791541 1413846144 205242368 1 96551161b5bdcaacbc3c17fa108191c478fb35dfe87895c16e34a8f6552bf29a
826870181 1411889966 205242368 2 96551161b5bdcaacbc3c17fa108191c478fb35dfe87895c16e34a8f6552bf29a
830400818 1410167052 205242368 1 96551161b5bdcaacbc3c17fa108191c478fb35dfe87895c16e34a8f6552bf29a
832583370 1411213425 205242368 1 96551161b5bdcaacbc3c17fa108191c478fb35dfe87895c16e34a8f6552bf29a
831901605 1408008872 205242368 1 96551161b5bdcaacbc3c17fa108191c478fb35dfe87895c16e34a8f6552bf29a
830153480 1401002642 205242368 2 96551161b5bdcaacbc3c17fa108191c478fb35dfe87895c16e34a8f6552bf29a
827964061 1408432356 205242368 1 96551161b5bdcaacbc3c17fa108191c478fb35dfe87895c16e34a8f6552bf29a
831163415 1402234754 205242368 1 96551161b5bdcaacbc3c17fa108191c478fb35dfe87895c16e34a8f6552bf29a
